    unsorted:	 3.543213798e-09 2.868493097e-07 4.198421216e-07 674.8420802 681.1361107 647.9285412 538.9534869 587.2190330 801.5010958 409.3105024 209.6030294 247.8970012 176.7633711 153.7653170 139.8353705 56.67135475 12.07883439 1018.396340 1300.866387 1356.424576 1948.429540 1940.063456 2009.870426 1796.378658 2149.388866 2223.442408 2291.918542 2332.328340 2472.246366 2519.435003 2587.833989 2843.806551 3003.227490 3153.742497 3322.297839 3435.761462 4002.307725 4532.367695 5218.926138 6909.203804 7790.950458 8307.720544 8697.663547 9475.662016 9845.266569 10371.35228 11510.27664 12976.52827 13984.48670 17255.05118 20285.32410 25962.41597 28176.77700 34926.24865 41831.01496 48583.85620 60336.92111 134155.8188 149450.8414 245455.0167
      sorted:	 3.543213798e-09 2.868493097e-07 4.198421216e-07 12.07883439 56.67135475 139.8353705 153.7653170 176.7633711 209.6030294 247.8970012 409.3105024 538.9534869 587.2190330 647.9285412 674.8420802 681.1361107 801.5010958 1018.396340 1300.866387 1356.424576 1796.378658 1940.063456 1948.429540 2009.870426 2149.388866 2223.442408 2291.918542 2332.328340 2472.246366 2519.435003 2587.833989 2843.806551 3003.227490 3153.742497 3322.297839 3435.761462 4002.307725 4532.367695 5218.926138 6909.203804 7790.950458 8307.720544 8697.663547 9475.662016 9845.266569 10371.35228 11510.27664 12976.52827 13984.48670 17255.05118 20285.32410 25962.41597 28176.77700 34926.24865 41831.01496 48583.85620 60336.92111 134155.8188 149450.8414 245455.0167
