    unsorted:	 6.224459493e-13 2.704582327e-07 1.752424617e-06 675.2097411 681.3369532 648.9213371 541.8052635 557.5121021 809.9513739 411.4103078 209.6345979 176.9219787 261.1917562 153.9044487 139.4463936 85.53927886 11.58576844 1031.211103 1365.860495 1925.350430 1893.677981 1819.487282 2088.315663 2142.856772 2200.691305 2235.558933 1667.972600 2392.580565 2439.025504 2537.816568 2796.314404 2925.322646 3107.080114 3269.932531 3410.291866 3957.189936 4195.622876 5088.722321 6758.303485 7659.291078 8168.348356 8641.316145 9494.954971 10041.78904 10634.89735 11182.59405 12950.14223 13923.82316 17040.12299 20253.74512 25793.23082 28039.57637 34788.38683 40141.15314 45421.43210 66931.47293 132366.0485 147477.3948 180765.9641 245650.3105
      sorted:	 6.224459493e-13 2.704582327e-07 1.752424617e-06 11.58576844 85.53927886 139.4463936 153.9044487 176.9219787 209.6345979 261.1917562 411.4103078 541.8052635 557.5121021 648.9213371 675.2097411 681.3369532 809.9513739 1031.211103 1365.860495 1667.972600 1819.487282 1893.677981 1925.350430 2088.315663 2142.856772 2200.691305 2235.558933 2392.580565 2439.025504 2537.816568 2796.314404 2925.322646 3107.080114 3269.932531 3410.291866 3957.189936 4195.622876 5088.722321 6758.303485 7659.291078 8168.348356 8641.316145 9494.954971 10041.78904 10634.89735 11182.59405 12950.14223 13923.82316 17040.12299 20253.74512 25793.23082 28039.57637 34788.38683 40141.15314 45421.43210 66931.47293 132366.0485 147477.3948 180765.9641 245650.3105
