    unsorted:	 6.268744004e-07 5.259673106e-07 2.920115664e-07 6.554638284e-06 675.1842394 681.3257132 648.8394225 541.5431501 555.4698791 808.0957245 405.4177314 1.414501238 11.00708532 191.7303405 175.5683681 225.7603311 153.1682529 128.3632871 974.4941718 1108.022743 1358.879959 1935.277762 1868.130325 2043.229541 2135.802985 2196.216642 2272.371504 2293.171946 1687.800578 2515.356749 2575.849954 2897.020205 3012.355174 3063.868090 3300.291164 3410.595016 3934.176283 4171.325958 5060.288261 6736.471083 7631.508142 8201.312836 8575.864658 9511.739146 10031.46288 10909.82055 11456.52693 13686.70399 15853.60701 19701.63364 21322.43320 24970.00745 26143.86126 27987.41789 34168.81752 35192.28013 43206.02623 131613.0645 147492.2917 258503.6721
      sorted:	 2.920115664e-07 5.259673106e-07 6.268744004e-07 6.554638284e-06 1.414501238 11.00708532 128.3632871 153.1682529 175.5683681 191.7303405 225.7603311 405.4177314 541.5431501 555.4698791 648.8394225 675.1842394 681.3257132 808.0957245 974.4941718 1108.022743 1358.879959 1687.800578 1868.130325 1935.277762 2043.229541 2135.802985 2196.216642 2272.371504 2293.171946 2515.356749 2575.849954 2897.020205 3012.355174 3063.868090 3300.291164 3410.595016 3934.176283 4171.325958 5060.288261 6736.471083 7631.508142 8201.312836 8575.864658 9511.739146 10031.46288 10909.82055 11456.52693 13686.70399 15853.60701 19701.63364 21322.43320 24970.00745 26143.86126 27987.41789 34168.81752 35192.28013 43206.02623 131613.0645 147492.2917 258503.6721
