    unsorted:	 2.032481721e-07 8.611373270e-08 1.425578168e-06 673.6810647 680.4524765 644.9851388 710.3520476 531.7716180 503.2885985 401.0943373 206.4675860 239.7725447 176.4786254 153.5539542 137.3407760 49.69115957 11.30165673 1011.924520 1942.000479 1964.416040 2041.345886 2092.429033 1879.941724 2192.151096 2231.005385 1761.550471 2367.272956 1309.679808 2497.909658 2500.493373 2729.292600 2875.674249 3065.580273 3257.740843 3347.546165 3823.374668 3970.325148 4887.756957 6065.962672 6987.671735 7930.216199 8627.973928 8972.340199 9621.479167 9928.517620 10621.36000 11480.78223 12901.46981 13490.96920 17112.92137 19730.17601 26131.61427 26341.60250 33608.26771 41839.05430 48455.82080 57832.94229 140507.0297 156493.7441 245518.1535
      sorted:	 8.611373270e-08 2.032481721e-07 1.425578168e-06 11.30165673 49.69115957 137.3407760 153.5539542 176.4786254 206.4675860 239.7725447 401.0943373 503.2885985 531.7716180 644.9851388 673.6810647 680.4524765 710.3520476 1011.924520 1309.679808 1761.550471 1879.941724 1942.000479 1964.416040 2041.345886 2092.429033 2192.151096 2231.005385 2367.272956 2497.909658 2500.493373 2729.292600 2875.674249 3065.580273 3257.740843 3347.546165 3823.374668 3970.325148 4887.756957 6065.962672 6987.671735 7930.216199 8627.973928 8972.340199 9621.479167 9928.517620 10621.36000 11480.78223 12901.46981 13490.96920 17112.92137 19730.17601 26131.61427 26341.60250 33608.26771 41839.05430 48455.82080 57832.94229 140507.0297 156493.7441 245518.1535
