    unsorted:	 7.852722684 3.831400996 12.71161550 16.74085833 42.34539996 72.32674472 84.23259899 142.7757964 181.5473836 238.4290374 290.9629704 536.7655553 531.3563197 599.3610124 608.7721584 652.1875543 884.9656042 935.2458567 1047.429106 1218.434455 1356.093171 1412.088526 1787.914488 1860.654660 2084.904991 2018.331816 2153.069383 2307.278081 2365.255232 2477.594164 2662.834315 2826.442237 2905.996085 3113.880103 3231.622634 3597.775655 3673.159665 4088.080973 4152.525378 4484.247363 5501.951499 6599.396270 7009.979189 7572.953083 7691.928713 8483.326654 8861.043921 9341.470010 10468.15390 10858.29240 11167.09135 15647.85768 17144.32507 23556.11478 25460.11431 33281.20309 39177.54314 44216.74084 245845.6005
      sorted:	 3.831400996 7.852722684 12.71161550 16.74085833 42.34539996 72.32674472 84.23259899 142.7757964 181.5473836 238.4290374 290.9629704 531.3563197 536.7655553 599.3610124 608.7721584 652.1875543 884.9656042 935.2458567 1047.429106 1218.434455 1356.093171 1412.088526 1787.914488 1860.654660 2018.331816 2084.904991 2153.069383 2307.278081 2365.255232 2477.594164 2662.834315 2826.442237 2905.996085 3113.880103 3231.622634 3597.775655 3673.159665 4088.080973 4152.525378 4484.247363 5501.951499 6599.396270 7009.979189 7572.953083 7691.928713 8483.326654 8861.043921 9341.470010 10468.15390 10858.29240 11167.09135 15647.85768 17144.32507 23556.11478 25460.11431 33281.20309 39177.54314 44216.74084 245845.6005
