    unsorted:	 10.28328209 12.73176716 16.18633218 2.532549396 42.91603578 73.90217318 84.38916763 144.5175873 175.6702324 226.4176710 295.2095987 535.5733686 504.2799687 608.0941548 623.2174322 651.7144046 851.7141557 928.6280884 1040.675212 1245.359039 1348.865849 1412.270296 1837.733680 2125.954511 2167.729299 2028.618544 2284.785220 2429.001636 2441.540117 2537.248920 2862.504068 2927.896316 3099.418516 3311.812371 3669.319297 3694.521675 4149.572509 4244.240234 4562.423970 5482.704065 6770.859709 7033.176235 7599.003941 7866.094394 8597.863162 8886.450120 9436.813093 10431.64064 10999.03843 15550.26819 16357.81205 22107.08261 25230.88375 31163.84513 34467.27670 42373.74632 258728.0960
      sorted:	 2.532549396 10.28328209 12.73176716 16.18633218 42.91603578 73.90217318 84.38916763 144.5175873 175.6702324 226.4176710 295.2095987 504.2799687 535.5733686 608.0941548 623.2174322 651.7144046 851.7141557 928.6280884 1040.675212 1245.359039 1348.865849 1412.270296 1837.733680 2028.618544 2125.954511 2167.729299 2284.785220 2429.001636 2441.540117 2537.248920 2862.504068 2927.896316 3099.418516 3311.812371 3669.319297 3694.521675 4149.572509 4244.240234 4562.423970 5482.704065 6770.859709 7033.176235 7599.003941 7866.094394 8597.863162 8886.450120 9436.813093 10431.64064 10999.03843 15550.26819 16357.81205 22107.08261 25230.88375 31163.84513 34467.27670 42373.74632 258728.0960
